00
000
0000
00000
00989112277224
00989120074089
00989121232690
00989128901889
00995522224490
00995599559073
01
02
03
04
05
06
07
08
09
1
10
100
101
11
110
111
112
113
114
115
12
13
14
15
16
17
18
1889
19
2
20
200
202
21
22
220
222
23
24
25
26
27
28
29
3
30
300
303
31
32
33
330
333
34
35
36
37
38
39
4
40
400
404
41
42
43
44
440
444
45
46
47
48
49
5
50
500
505
51
52
53
54
55
550
555
56
57
58
59
6
60
600
606
61
62
63
64
65
66
660
666
67
68
69
7
70
700
707
71
72
73
74
75
76
77
770
777
78
79
8
80
800
808
81
82
83
84
85
86
87
88
880
888
89
9
90
900
909
91
92
93
94
95
96
97
98
99
990
999
atar
car2iran
car4iran
jangold
jannesar
jantex
janwood
l
ll
lll
llll
lllll
nobari
o
oo
ooo
oooo
ooooo
v
w
x
xx
xxx
xxxx
xxxxx
